
Aug 22 17:19 [obs_HD186791_ordens_finalglue.fits]: RED_NONMERGED_SCI_POINT_REDU
  5999.182 0.9712978 -0.078703   0.08103 -0.453939    0.1629        0.
  6001.818 0.9421324 -0.041247   0.04378 -0.275751    0.1405        0.
  6002.151 0.8859652 -0.062025   0.07001 -0.401542    0.1451        0.
  6000.188 0.9703093 -0.027383   0.02822 -0.161219    0.1596        0.

Aug 22 17:19 [tellstar_35aql_ordens_finalglue.fits]: RED_NONMERGED_SCI_POINT_REDU
  5880.721  1.000206 -7.258E-4  7.256E-4 -0.009837   0.06931        0.
  5880.917   1.00007  -0.00103   0.00103 -0.011433   0.08463        0.
  5881.091  1.000389 -5.098E-4  5.096E-4 -0.007218   0.06635        0.
  5884.195 0.9993976 -5.070E-4  5.073E-4 -0.008017   0.05941        0.
