
Aug 22 17:14 [obs_HD110379_ordens_finalglue.fits]: RED_NONMERGED_SCI_POINT_REDU
    center      cont      flux       eqw      core     gfwhm     lfwhm
  5853.756 0.9943349 -0.060653     0.061 -0.061629    0.9246        0.
  5857.564 0.9955242  -0.11097    0.1115 -0.118672    0.8785        0.
  5859.674 0.9972087 -0.042872   0.04299 -0.045366    0.8878        0.
  5862.447 0.9950934 -0.051733   0.05199 -0.057437    0.8461        0.
  6508.604 0.9964422 -0.004594   0.00461 -0.036871     0.117        0.
  6512.009 0.9955167   -0.0022   0.00221 -0.025672   0.08049        0.
  6512.258  0.995941 -0.002132  0.002141 -0.021721   0.09221        0.
  6514.735 0.9957307 -0.011081   0.01113 -0.102268    0.1018        0.
  6562.922 0.9888108  -2.64027      2.67   -0.4769     5.201        0.

Aug 22 17:17 [tellstar_qvir_ordens_finalglue.fits]: RED_NONMERGED_SCI_POINT_REDU
  7644.176 0.8433292 -0.420348    0.4984 -0.870255    0.4538        0.
  7645.302 0.8388063 -0.429238    0.5117 -0.876391    0.4601        0.
  5901.464 0.9935395 -0.008152  0.008205 -0.093644   0.08178        0.
  5899.007 0.9979434 -0.003545  0.003552 -0.040085   0.08307        0.
  5903.542 0.9960199 -0.001741  0.001748  -0.02025   0.08075        0.
  5900.911  1.002157  -0.00106  0.001057 -0.013462   0.07395        0.
